"#000000": [[30, 57], [31, 57], [32, 57], [28, 58], [29, 58], [27, 59], [26, 60], [32, 60], [25, 61], [30, 61], [31, 61], [25, 62], [29, 62], [23, 63], [24, 63], [25, 63], [26, 63], [27, 63], [28, 63], [29, 63], [30, 63], [31, 63], [32, 63], [33, 63], [21, 64], [22, 64], [34, 64], [20, 65], [34, 65], [20, 66], [34, 66], [19, 67], [23, 67], [24, 67], [25, 67], [26, 67], [27, 67], [28, 67], [29, 67], [34, 67], [19, 68], [22, 68], [27, 68], [30, 68], [34, 68], [19, 69], [21, 69], [28, 69], [31, 69], [35, 69], [18, 70], [21, 70], [23, 70], [29, 70], [31, 70], [35, 70], [18, 71], [20, 71], [24, 71], [29, 71], [31, 71], [36, 71], [18, 72], [20, 72], [25, 72], [29, 72], [31, 72], [36, 72], [18, 73], [20, 73], [24, 73], [29, 73], [31, 73], [36, 73], [18, 74], [21, 74], [28, 74], [31, 74], [37, 74], [18, 75], [21, 75], [28, 75], [30, 75], [36, 75], [17, 76], [22, 76], [23, 76], [24, 76], [25, 76], [26, 76], [27, 76], [28, 76], [29, 76], [35, 76], [17, 77], [34, 77], [17, 78], [25, 78], [26, 78], [33, 78], [17, 79], [24, 79], [27, 79], [32, 79], [16, 80], [18, 80], [19, 80], [24, 80], [27, 80], [31, 80], [16, 81], [20, 81], [25, 81], [26, 81], [30, 81], [16, 82], [21, 82], [30, 82], [16, 83], [22, 83], [29, 83], [16, 84], [22, 84], [29, 84], [16, 85], [22, 85], [28, 85], [16, 86], [22, 86], [28, 86], [17, 87], [18, 87], [19, 87], [22, 87], [28, 87], [17, 88], [20, 88], [21, 88], [28, 88], [17, 89], [27, 89], [17, 90], [27, 90], [17, 91], [18, 91], [27, 91], [16, 92], [19, 92], [20, 92], [21, 92], [22, 92], [27, 92], [16, 93], [23, 93], [24, 93], [25, 93], [26, 93], [27, 93], [16, 94], [27, 94], [16, 95], [27, 95], [16, 96], [27, 96], [16, 97], [27, 97], [17, 98], [18, 98], [19, 98], [27, 98], [20, 99], [21, 99], [22, 99], [23, 99], [24, 99], [25, 99], [26, 99], [27, 99]],
"#f7fcfa": [[30, 58], [31, 58], [32, 58], [28, 59], [29, 59], [27, 60], [28, 60], [26, 61], [26, 62], [23, 68], [24, 68], [25, 68], [26, 68], [22, 69], [23, 69], [24, 69], [25, 69], [26, 69], [27, 69], [22, 70], [24, 70], [25, 70], [26, 70], [27, 70], [28, 70], [21, 71], [22, 71], [23, 71], [25, 71], [26, 71], [27, 71], [28, 71], [21, 72], [22, 72], [23, 72], [24, 72], [26, 72], [27, 72], [28, 72], [21, 73], [22, 73], [23, 73], [25, 73], [26, 73], [27, 73], [28, 73], [22, 74], [23, 74], [24, 74], [25, 74], [26, 74], [27, 74], [22, 75], [23, 75], [24, 75], [25, 75], [26, 75], [27, 75]],
"#fef4a4": [[30, 59], [31, 59], [27, 61], [23, 64], [24, 64], [25, 64], [26, 64], [21, 65], [22, 65], [21, 66], [20, 67], [21, 67], [20, 68], [20, 69], [19, 70], [19, 71], [19, 72], [19, 73], [19, 74], [19, 75], [18, 76], [18, 77], [18, 78], [18, 79]],
"#c8927b": [[32, 59], [29, 60], [30, 60], [31, 60], [28, 61], [29, 61], [27, 62], [28, 62], [17, 92], [18, 92], [17, 93], [17, 94], [17, 95], [17, 96], [17, 97]],
"#f9d100": [[27, 64], [28, 64], [29, 64], [30, 64], [23, 65], [24, 65], [25, 65], [26, 65], [27, 65], [28, 65], [29, 65], [30, 65], [31, 65], [22, 66], [23, 66], [24, 66], [25, 66], [26, 66], [27, 66], [28, 66], [29, 66], [30, 66], [31, 66], [22, 67], [30, 67], [21, 68], [20, 70], [20, 74], [20, 75], [19, 76], [20, 76], [21, 76], [19, 77], [20, 77], [21, 77], [22, 77], [23, 77], [24, 77], [19, 78], [20, 78], [21, 78], [22, 78], [23, 78], [24, 78], [19, 79], [20, 79], [21, 79], [22, 79], [23, 79], [20, 80], [21, 80], [22, 80], [23, 80], [21, 81], [22, 81], [23, 81], [24, 81], [22, 82], [23, 82], [24, 82], [25, 82], [26, 82], [27, 82], [24, 83], [25, 83], [26, 83], [24, 84], [25, 84], [26, 84], [24, 85], [25, 85], [26, 85], [24, 86], [25, 86], [26, 86], [24, 87], [25, 87], [23, 88], [24, 88], [25, 88], [18, 89], [19, 89], [20, 89], [21, 89], [22, 89], [23, 89], [24, 89], [25, 89], [18, 90], [19, 90], [20, 90], [21, 90], [22, 90], [23, 90], [24, 90], [19, 91], [20, 91], [21, 91], [22, 91], [23, 91]],
"#c58000": [[31, 64], [32, 64], [32, 65], [32, 66], [31, 67], [32, 67], [31, 68], [32, 68], [33, 68], [32, 69], [33, 69], [32, 70], [33, 70], [32, 71], [33, 71], [32, 72], [33, 72], [32, 73], [33, 73], [32, 74], [33, 74], [31, 75], [32, 75], [30, 76], [31, 76], [32, 76], [25, 77], [26, 77], [27, 77], [28, 77], [29, 77], [30, 77], [31, 77], [27, 78], [28, 78], [29, 78], [30, 78], [31, 78], [28, 79], [29, 79], [30, 79], [28, 80], [29, 80], [27, 81], [28, 81], [28, 82], [23, 83], [27, 83], [28, 83], [23, 84], [27, 84], [23, 85], [27, 85], [23, 86], [27, 86], [23, 87], [26, 87], [18, 88], [19, 88], [22, 88], [26, 88], [26, 89], [25, 90], [24, 91], [25, 91], [23, 92], [24, 92], [25, 92]],
"#764e00": [[33, 64], [33, 65], [33, 66], [33, 67], [34, 69], [34, 70], [34, 71], [35, 71], [34, 72], [35, 72], [34, 73], [35, 73], [34, 74], [35, 74], [36, 74], [33, 75], [34, 75], [35, 75], [33, 76], [34, 76], [32, 77], [33, 77], [32, 78], [31, 79], [30, 80], [29, 81], [29, 82], [28, 84], [27, 87], [27, 88], [26, 90], [26, 91], [26, 92]],
"#4e728c": [[28, 68], [29, 68], [29, 69], [30, 69], [30, 70], [30, 71], [30, 72], [30, 73], [29, 74], [30, 74], [29, 75], [26, 79], [26, 80], [18, 82], [19, 82], [18, 83], [19, 83], [20, 83], [21, 83], [18, 84], [19, 84], [20, 84], [21, 84], [18, 85], [19, 85], [20, 85], [21, 85], [18, 86], [19, 86], [20, 86], [21, 86], [20, 87], [21, 87]],
"#a0c7e5": [[25, 79], [17, 80], [25, 80], [17, 81], [18, 81], [19, 81], [17, 82], [20, 82], [17, 83], [17, 84], [17, 85], [17, 86]],
"#ea0000": [[18, 93], [19, 93], [20, 93], [21, 93], [22, 93], [18, 94], [19, 94], [20, 94], [21, 94], [22, 94], [23, 94], [18, 95], [19, 95], [20, 95], [21, 95], [22, 95], [23, 95], [18, 96], [19, 96], [20, 96], [21, 96], [22, 96], [23, 96], [18, 97], [19, 97], [20, 97], [21, 97], [22, 97], [20, 98], [21, 98]],
"#770002": [[24, 94], [25, 94], [26, 94], [24, 95], [25, 95], [26, 95], [24, 96], [25, 96], [26, 96], [23, 97], [24, 97], [25, 97], [26, 97], [22, 98], [23, 98], [24, 98], [25, 98], [26, 98]],
